(kicad_pcb (version 20171130) (host pcbnew "(5.1.2)-1")

  (general
    (thickness 1.6)
    (drawings 9)
    (tracks 0)
    (zones 0)
    (modules 54)
    (nets 85)
  )

  (page A4)
  (layers
    (0 F.Cu signal)
    (31 B.Cu signal)
    (32 B.Adhes user)
    (33 F.Adhes user)
    (34 B.Paste user)
    (35 F.Paste user)
    (36 B.SilkS user)
    (37 F.SilkS user)
    (38 B.Mask user)
    (39 F.Mask user)
    (40 Dwgs.User user)
    (41 Cmts.User user)
    (42 Eco1.User user)
    (43 Eco2.User user)
    (44 Edge.Cuts user)
    (45 Margin user)
    (46 B.CrtYd user)
    (47 F.CrtYd user)
    (48 B.Fab user)
    (49 F.Fab user hide)
  )

  (setup
    (last_trace_width 0.25)
    (trace_clearance 0.2)
    (zone_clearance 0.508)
    (zone_45_only no)
    (trace_min 0.2)
    (via_size 0.8)
    (via_drill 0.4)
    (via_min_size 0.4)
    (via_min_drill 0.3)
    (uvia_size 0.3)
    (uvia_drill 0.1)
    (uvias_allowed no)
    (uvia_min_size 0.2)
    (uvia_min_drill 0.1)
    (edge_width 0.05)
    (segment_width 0.2)
    (pcb_text_width 0.3)
    (pcb_text_size 1.5 1.5)
    (mod_edge_width 0.12)
    (mod_text_size 1 1)
    (mod_text_width 0.15)
    (pad_size 1.524 1.524)
    (pad_drill 0.762)
    (pad_to_mask_clearance 0.051)
    (solder_mask_min_width 0.25)
    (aux_axis_origin 0 0)
    (visible_elements FFFFFF7F)
    (pcbplotparams
      (layerselection 0x010fc_ffffffff)
      (usegerberextensions false)
      (usegerberattributes false)
      (usegerberadvancedattributes false)
      (creategerberjobfile false)
      (excludeedgelayer true)
      (linewidth 0.100000)
      (plotframeref false)
      (viasonmask false)
      (mode 1)
      (useauxorigin false)
      (hpglpennumber 1)
      (hpglpenspeed 20)
      (hpglpendiameter 15.000000)
      (psnegative false)
      (psa4output false)
      (plotreference true)
      (plotvalue true)
      (plotinvisibletext false)
      (padsonsilk false)
      (subtractmaskfromsilk false)
      (outputformat 1)
      (mirror false)
      (drillshape 1)
      (scaleselection 1)
      (outputdirectory ""))
  )

  (net 0 "")
  (net 1 Batt+)
  (net 2 "Net-(BT1-Pad2)")
  (net 3 VBUS)
  (net 4 Batt-)
  (net 5 "Net-(C3-Pad1)")
  (net 6 "Net-(C6-Pad1)")
  (net 7 +3V3)
  (net 8 EN)
  (net 9 "Net-(C12-Pad1)")
  (net 10 Boot)
  (net 11 "Net-(D1-Pad2)")
  (net 12 "Net-(D1-Pad1)")
  (net 13 "Net-(D2-Pad1)")
  (net 14 "Net-(D4-Pad1)")
  (net 15 "Net-(D5-Pad1)")
  (net 16 Vin)
  (net 17 "Net-(J1-PadB8)")
  (net 18 "Net-(J1-PadA5)")
  (net 19 "Net-(J1-PadA8)")
  (net 20 "Net-(J1-PadB5)")
  (net 21 "Net-(JP1-Pad1)")
  (net 22 "Net-(Q1-Pad2)")
  (net 23 "Net-(Q1-Pad4)")
  (net 24 "Net-(Q1-Pad5)")
  (net 25 "Net-(Q3-Pad1)")
  (net 26 RTS)
  (net 27 DTR)
  (net 28 "Net-(Q4-Pad1)")
  (net 29 "Net-(R4-Pad1)")
  (net 30 "Net-(R5-Pad1)")
  (net 31 "Net-(R6-Pad2)")
  (net 32 "Net-(R10-Pad1)")
  (net 33 "Net-(R12-Pad1)")
  (net 34 "Net-(R13-Pad1)")
  (net 35 "Net-(R14-Pad2)")
  (net 36 "Net-(R14-Pad1)")
  (net 37 "Net-(R15-Pad1)")
  (net 38 "Net-(R15-Pad2)")
  (net 39 "Net-(U2-Pad4)")
  (net 40 "Net-(U3-Pad29)")
  (net 41 "Net-(U3-Pad1)")
  (net 42 "Net-(U3-Pad2)")
  (net 43 "Net-(U3-Pad10)")
  (net 44 "Net-(U3-Pad12)")
  (net 45 "Net-(U3-Pad13)")
  (net 46 "Net-(U3-Pad14)")
  (net 47 "Net-(U3-Pad15)")
  (net 48 "Net-(U3-Pad16)")
  (net 49 "Net-(U3-Pad17)")
  (net 50 "Net-(U3-Pad18)")
  (net 51 "Net-(U3-Pad20)")
  (net 52 "Net-(U3-Pad22)")
  (net 53 "Net-(U3-Pad23)")
  (net 54 "Net-(U3-Pad27)")
  (net 55 "Net-(U4-Pad4)")
  (net 56 "Net-(U4-Pad5)")
  (net 57 "Net-(U4-Pad6)")
  (net 58 "Net-(U4-Pad7)")
  (net 59 "Net-(U4-Pad8)")
  (net 60 "Net-(U4-Pad9)")
  (net 61 "Net-(U4-Pad10)")
  (net 62 "Net-(U4-Pad11)")
  (net 63 "Net-(U4-Pad12)")
  (net 64 "Net-(U4-Pad13)")
  (net 65 "Net-(U4-Pad14)")
  (net 66 "Net-(U4-Pad16)")
  (net 67 "Net-(U4-Pad17)")
  (net 68 "Net-(U4-Pad18)")
  (net 69 "Net-(U4-Pad19)")
  (net 70 "Net-(U4-Pad20)")
  (net 71 "Net-(U4-Pad21)")
  (net 72 "Net-(U4-Pad22)")
  (net 73 "Net-(U4-Pad23)")
  (net 74 "Net-(U4-Pad24)")
  (net 75 "Net-(U4-Pad26)")
  (net 76 "Net-(U4-Pad27)")
  (net 77 "Net-(U4-Pad28)")
  (net 78 "Net-(U4-Pad29)")
  (net 79 "Net-(U4-Pad30)")
  (net 80 "Net-(U4-Pad31)")
  (net 81 "Net-(U4-Pad32)")
  (net 82 "Net-(U4-Pad33)")
  (net 83 "Net-(U4-Pad36)")
  (net 84 "Net-(U4-Pad37)")

  (net_class Default "This is the default net class."
    (clearance 0.2)
    (trace_width 0.25)
    (via_dia 0.8)
    (via_drill 0.4)
    (uvia_dia 0.3)
    (uvia_drill 0.1)
    (add_net +3V3)
    (add_net Batt+)
    (add_net Batt-)
    (add_net Boot)
    (add_net DTR)
    (add_net EN)
    (add_net "Net-(BT1-Pad2)")
    (add_net "Net-(C12-Pad1)")
    (add_net "Net-(C3-Pad1)")
    (add_net "Net-(C6-Pad1)")
    (add_net "Net-(D1-Pad1)")
    (add_net "Net-(D1-Pad2)")
    (add_net "Net-(D2-Pad1)")
    (add_net "Net-(D4-Pad1)")
    (add_net "Net-(D5-Pad1)")
    (add_net "Net-(J1-PadA5)")
    (add_net "Net-(J1-PadA8)")
    (add_net "Net-(J1-PadB5)")
    (add_net "Net-(J1-PadB8)")
    (add_net "Net-(JP1-Pad1)")
    (add_net "Net-(Q1-Pad2)")
    (add_net "Net-(Q1-Pad4)")
    (add_net "Net-(Q1-Pad5)")
    (add_net "Net-(Q3-Pad1)")
    (add_net "Net-(Q4-Pad1)")
    (add_net "Net-(R10-Pad1)")
    (add_net "Net-(R12-Pad1)")
    (add_net "Net-(R13-Pad1)")
    (add_net "Net-(R14-Pad1)")
    (add_net "Net-(R14-Pad2)")
    (add_net "Net-(R15-Pad1)")
    (add_net "Net-(R15-Pad2)")
    (add_net "Net-(R4-Pad1)")
    (add_net "Net-(R5-Pad1)")
    (add_net "Net-(R6-Pad2)")
    (add_net "Net-(U2-Pad4)")
    (add_net "Net-(U3-Pad1)")
    (add_net "Net-(U3-Pad10)")
    (add_net "Net-(U3-Pad12)")
    (add_net "Net-(U3-Pad13)")
    (add_net "Net-(U3-Pad14)")
    (add_net "Net-(U3-Pad15)")
    (add_net "Net-(U3-Pad16)")
    (add_net "Net-(U3-Pad17)")
    (add_net "Net-(U3-Pad18)")
    (add_net "Net-(U3-Pad2)")
    (add_net "Net-(U3-Pad20)")
    (add_net "Net-(U3-Pad22)")
    (add_net "Net-(U3-Pad23)")
    (add_net "Net-(U3-Pad27)")
    (add_net "Net-(U3-Pad29)")
    (add_net "Net-(U4-Pad10)")
    (add_net "Net-(U4-Pad11)")
    (add_net "Net-(U4-Pad12)")
    (add_net "Net-(U4-Pad13)")
    (add_net "Net-(U4-Pad14)")
    (add_net "Net-(U4-Pad16)")
    (add_net "Net-(U4-Pad17)")
    (add_net "Net-(U4-Pad18)")
    (add_net "Net-(U4-Pad19)")
    (add_net "Net-(U4-Pad20)")
    (add_net "Net-(U4-Pad21)")
    (add_net "Net-(U4-Pad22)")
    (add_net "Net-(U4-Pad23)")
    (add_net "Net-(U4-Pad24)")
    (add_net "Net-(U4-Pad26)")
    (add_net "Net-(U4-Pad27)")
    (add_net "Net-(U4-Pad28)")
    (add_net "Net-(U4-Pad29)")
    (add_net "Net-(U4-Pad30)")
    (add_net "Net-(U4-Pad31)")
    (add_net "Net-(U4-Pad32)")
    (add_net "Net-(U4-Pad33)")
    (add_net "Net-(U4-Pad36)")
    (add_net "Net-(U4-Pad37)")
    (add_net "Net-(U4-Pad4)")
    (add_net "Net-(U4-Pad5)")
    (add_net "Net-(U4-Pad6)")
    (add_net "Net-(U4-Pad7)")
    (add_net "Net-(U4-Pad8)")
    (add_net "Net-(U4-Pad9)")
    (add_net RTS)
    (add_net VBUS)
    (add_net Vin)
  )

  (module Button_Switch_SMD:SW_SPST_B3U-1000P (layer F.Cu) (tedit 5A02FC95) (tstamp 629E2035)
    (at 79.2629 136.0295 90)
    (descr "Ultra-small-sized Tactile Switch with High Contact Reliability, Top-actuated Model, without Ground Terminal, without Boss")
    (tags "Tactile Switch")
    (path /62A4508A)
    (attr smd)
    (fp_text reference SW2 (at 0 2.3876 90) (layer F.SilkS)
      (effects (font (size 1 1) (thickness 0.15)))
    )
    (fp_text value Reset (at 0 4.15 90) (layer F.Fab)
      (effects (font (size 1 1) (thickness 0.15)))
    )
    (fp_circle (center 0 0) (end 0.75 0) (layer F.Fab) (width 0.1))
    (fp_line (start -1.5 1.25) (end -1.5 -1.25) (layer F.Fab) (width 0.1))
    (fp_line (start 1.5 1.25) (end -1.5 1.25) (layer F.Fab) (width 0.1))
    (fp_line (start 1.5 -1.25) (end 1.5 1.25) (layer F.Fab) (width 0.1))
    (fp_line (start -1.5 -1.25) (end 1.5 -1.25) (layer F.Fab) (width 0.1))
    (fp_line (start 1.65 -1.4) (end 1.65 -1.1) (layer F.SilkS) (width 0.12))
    (fp_line (start -1.65 -1.4) (end 1.65 -1.4) (layer F.SilkS) (width 0.12))
    (fp_line (start -1.65 -1.1) (end -1.65 -1.4) (layer F.SilkS) (width 0.12))
    (fp_line (start 1.65 1.4) (end 1.65 1.1) (layer F.SilkS) (width 0.12))
    (fp_line (start -1.65 1.4) (end 1.65 1.4) (layer F.SilkS) (width 0.12))
    (fp_line (start -1.65 1.1) (end -1.65 1.4) (layer F.SilkS) (width 0.12))
    (fp_line (start -2.4 -1.65) (end -2.4 1.65) (layer F.CrtYd) (width 0.05))
    (fp_line (start 2.4 -1.65) (end -2.4 -1.65) (layer F.CrtYd) (width 0.05))
    (fp_line (start 2.4 1.65) (end 2.4 -1.65) (layer F.CrtYd) (width 0.05))
    (fp_line (start -2.4 1.65) (end 2.4 1.65) (layer F.CrtYd) (width 0.05))
    (fp_text user %R (at 0 -4.05 90) (layer F.Fab)
      (effects (font (size 1 1) (thickness 0.15)))
    )
    (pad 2 smd rect (at 1.7 0 90) (size 0.9 1.7) (layers F.Cu F.Paste F.Mask)
      (net 4 Batt-))
    (pad 1 smd rect (at -1.7 0 90) (size 0.9 1.7) (layers F.Cu F.Paste F.Mask)
      (net 8 EN))
    (model ${KISYS3DMOD}/Button_Switch_SMD.3dshapes/SW_SPST_B3U-1000P.wrl
      (at (xyz 0 0 0))
      (scale (xyz 1 1 1))
      (rotate (xyz 0 0 0))
    )
  )

  (module Button_Switch_SMD:SW_SPST_B3U-1000P (layer F.Cu) (tedit 5A02FC95) (tstamp 629E29BC)
    (at 64.9 159.7)
    (descr "Ultra-small-sized Tactile Switch with High Contact Reliability, Top-actuated Model, without Ground Terminal, without Boss")
    (tags "Tactile Switch")
    (path /62A4FD71)
    (attr smd)
    (fp_text reference SW3 (at -3.2639 0 90) (layer F.SilkS)
      (effects (font (size 1 1) (thickness 0.15)))
    )
    (fp_text value Boot (at 0 4.15) (layer F.Fab)
      (effects (font (size 1 1) (thickness 0.15)))
    )
    (fp_circle (center 0 0) (end 0.75 0) (layer F.Fab) (width 0.1))
    (fp_line (start -1.5 1.25) (end -1.5 -1.25) (layer F.Fab) (width 0.1))
    (fp_line (start 1.5 1.25) (end -1.5 1.25) (layer F.Fab) (width 0.1))
    (fp_line (start 1.5 -1.25) (end 1.5 1.25) (layer F.Fab) (width 0.1))
    (fp_line (start -1.5 -1.25) (end 1.5 -1.25) (layer F.Fab) (width 0.1))
    (fp_line (start 1.65 -1.4) (end 1.65 -1.1) (layer F.SilkS) (width 0.12))
    (fp_line (start -1.65 -1.4) (end 1.65 -1.4) (layer F.SilkS) (width 0.12))
    (fp_line (start -1.65 -1.1) (end -1.65 -1.4) (layer F.SilkS) (width 0.12))
    (fp_line (start 1.65 1.4) (end 1.65 1.1) (layer F.SilkS) (width 0.12))
    (fp_line (start -1.65 1.4) (end 1.65 1.4) (layer F.SilkS) (width 0.12))
    (fp_line (start -1.65 1.1) (end -1.65 1.4) (layer F.SilkS) (width 0.12))
    (fp_line (start -2.4 -1.65) (end -2.4 1.65) (layer F.CrtYd) (width 0.05))
    (fp_line (start 2.4 -1.65) (end -2.4 -1.65) (layer F.CrtYd) (width 0.05))
    (fp_line (start 2.4 1.65) (end 2.4 -1.65) (layer F.CrtYd) (width 0.05))
    (fp_line (start -2.4 1.65) (end 2.4 1.65) (layer F.CrtYd) (width 0.05))
    (fp_text user %R (at 0 -4.05) (layer F.Fab)
      (effects (font (size 1 1) (thickness 0.15)))
    )
    (pad 2 smd rect (at 1.7 0) (size 0.9 1.7) (layers F.Cu F.Paste F.Mask)
      (net 4 Batt-))
    (pad 1 smd rect (at -1.7 0) (size 0.9 1.7) (layers F.Cu F.Paste F.Mask)
      (net 10 Boot))
    (model ${KISYS3DMOD}/Button_Switch_SMD.3dshapes/SW_SPST_B3U-1000P.wrl
      (at (xyz 0 0 0))
      (scale (xyz 1 1 1))
      (rotate (xyz 0 0 0))
    )
  )

  (module Capacitor_Tantalum_SMD:CP_EIA-3216-12_Kemet-S_Pad1.58x1.35mm_HandSolder (layer F.Cu) (tedit 5B301BBE) (tstamp 629E2983)
    (at 67.6179 145.8843 270)
    (descr "Tantalum Capacitor SMD Kemet-S (3216-12 Metric), IPC_7351 nominal, (Body size from: http://www.kemet.com/Lists/ProductCatalog/Attachments/253/KEM_TC101_STD.pdf), generated with kicad-footprint-generator")
    (tags "capacitor tantalum")
    (path /6295FA2F)
    (attr smd)
    (fp_text reference C4 (at 0.0157 1.7179 270) (layer F.SilkS)
      (effects (font (size 1 1) (thickness 0.15)))
    )
    (fp_text value 4.7uF (at 1.25 4.4 90) (layer F.Fab)
      (effects (font (size 1 1) (thickness 0.15)))
    )
    (fp_text user %R (at 1.25 0 90) (layer F.Fab)
      (effects (font (size 1 1) (thickness 0.15)))
    )
    (fp_line (start 2.48 1.05) (end -2.48 1.05) (layer F.CrtYd) (width 0.05))
    (fp_line (start 2.48 -1.05) (end 2.48 1.05) (layer F.CrtYd) (width 0.05))
    (fp_line (start -2.48 -1.05) (end 2.48 -1.05) (layer F.CrtYd) (width 0.05))
    (fp_line (start -2.48 1.05) (end -2.48 -1.05) (layer F.CrtYd) (width 0.05))
    (fp_line (start -2.485 0.935) (end 1.6 0.935) (layer F.SilkS) (width 0.12))
    (fp_line (start -2.485 -0.935) (end -2.485 0.935) (layer F.SilkS) (width 0.12))
    (fp_line (start 1.6 -0.935) (end -2.485 -0.935) (layer F.SilkS) (width 0.12))
    (fp_line (start 1.6 0.8) (end 1.6 -0.8) (layer F.Fab) (width 0.1))
    (fp_line (start -1.6 0.8) (end 1.6 0.8) (layer F.Fab) (width 0.1))
    (fp_line (start -1.6 -0.4) (end -1.6 0.8) (layer F.Fab) (width 0.1))
    (fp_line (start -1.2 -0.8) (end -1.6 -0.4) (layer F.Fab) (width 0.1))
    (fp_line (start 1.6 -0.8) (end -1.2 -0.8) (layer F.Fab) (width 0.1))
    (pad 2 smd roundrect (at 1.4375 0 270) (size 1.575 1.35) (layers F.Cu F.Paste F.Mask) (roundrect_rratio 0.185185)
      (net 4 Batt-))
    (pad 1 smd roundrect (at -1.4375 0 270) (size 1.575 1.35) (layers F.Cu F.Paste F.Mask) (roundrect_rratio 0.185185)
      (net 3 VBUS))
    (model ${KISYS3DMOD}/Capacitor_Tantalum_SMD.3dshapes/CP_EIA-3216-12_Kemet-S.wrl
      (at (xyz 0 0 0))
      (scale (xyz 1 1 1))
      (rotate (xyz 0 0 0))
    )
  )

  (module Capacitor_Tantalum_SMD:CP_EIA-3216-12_Kemet-S_Pad1.58x1.35mm_HandSolder (layer F.Cu) (tedit 5B301BBE) (tstamp 629E2071)
    (at 63.6318 145.8462 270)
    (descr "Tantalum Capacitor SMD Kemet-S (3216-12 Metric), IPC_7351 nominal, (Body size from: http://www.kemet.com/Lists/ProductCatalog/Attachments/253/KEM_TC101_STD.pdf), generated with kicad-footprint-generator")
    (tags "capacitor tantalum")
    (path /629D3666)
    (attr smd)
    (fp_text reference C6 (at -0.0738 1.7653 270) (layer F.SilkS)
      (effects (font (size 1 1) (thickness 0.15)))
    )
    (fp_text value 4.7uF (at 1.25 4.4 90) (layer F.Fab)
      (effects (font (size 1 1) (thickness 0.15)))
    )
    (fp_text user %R (at 1.25 0 90) (layer F.Fab)
      (effects (font (size 1 1) (thickness 0.15)))
    )
    (fp_line (start 2.48 1.05) (end -2.48 1.05) (layer F.CrtYd) (width 0.05))
    (fp_line (start 2.48 -1.05) (end 2.48 1.05) (layer F.CrtYd) (width 0.05))
    (fp_line (start -2.48 -1.05) (end 2.48 -1.05) (layer F.CrtYd) (width 0.05))
    (fp_line (start -2.48 1.05) (end -2.48 -1.05) (layer F.CrtYd) (width 0.05))
    (fp_line (start -2.485 0.935) (end 1.6 0.935) (layer F.SilkS) (width 0.12))
    (fp_line (start -2.485 -0.935) (end -2.485 0.935) (layer F.SilkS) (width 0.12))
    (fp_line (start 1.6 -0.935) (end -2.485 -0.935) (layer F.SilkS) (width 0.12))
    (fp_line (start 1.6 0.8) (end 1.6 -0.8) (layer F.Fab) (width 0.1))
    (fp_line (start -1.6 0.8) (end 1.6 0.8) (layer F.Fab) (width 0.1))
    (fp_line (start -1.6 -0.4) (end -1.6 0.8) (layer F.Fab) (width 0.1))
    (fp_line (start -1.2 -0.8) (end -1.6 -0.4) (layer F.Fab) (width 0.1))
    (fp_line (start 1.6 -0.8) (end -1.2 -0.8) (layer F.Fab) (width 0.1))
    (pad 2 smd roundrect (at 1.4375 0 270) (size 1.575 1.35) (layers F.Cu F.Paste F.Mask) (roundrect_rratio 0.185185)
      (net 4 Batt-))
    (pad 1 smd roundrect (at -1.4375 0 270) (size 1.575 1.35) (layers F.Cu F.Paste F.Mask) (roundrect_rratio 0.185185)
      (net 6 "Net-(C6-Pad1)"))
    (model ${KISYS3DMOD}/Capacitor_Tantalum_SMD.3dshapes/CP_EIA-3216-12_Kemet-S.wrl
      (at (xyz 0 0 0))
      (scale (xyz 1 1 1))
      (rotate (xyz 0 0 0))
    )
  )

  (module BatteryHolder:BatteryHolder_SMT_1x26650 (layer F.Cu) (tedit 629AEF06) (tstamp 629B884D)
    (at 36.83 123.19 90)
    (descr "Battery holder for 18650 cylindrical cells http://www.keyelco.com/product.cfm/product_id/918")
    (tags "18650 Keystone 1042 Li-ion")
    (path /62AB0CDF)
    (attr smd)
    (fp_text reference BT1 (at -0.02 -15.8 90) (layer F.SilkS)
      (effects (font (size 1 1) (thickness 0.15)))
    )
    (fp_text value LCR26650 (at -0.24 15.8 90) (layer F.Fab)
      (effects (font (size 1 1) (thickness 0.15)))
    )
    (fp_line (start -38.64 -3.44) (end -43 -3.44) (layer F.SilkS) (width 0.12))
    (fp_line (start 43.5 3.68) (end 43.5 -3.68) (layer F.CrtYd) (width 0.05))
    (fp_line (start 39.03 14.9) (end 39.03 3.68) (layer F.CrtYd) (width 0.05))
    (fp_text user %R (at 0 0 90) (layer F.Fab)
      (effects (font (size 1 1) (thickness 0.15)))
    )
    (fp_line (start -38.64 14.5) (end -38.64 3.44) (layer F.SilkS) (width 0.12))
    (fp_line (start 38.64 14.5) (end -38.64 14.5) (layer F.SilkS) (width 0.12))
    (fp_line (start 38.64 3.44) (end 38.64 14.5) (layer F.SilkS) (width 0.12))
    (fp_line (start -38.64 -14.5) (end -38.64 -3.44) (layer F.SilkS) (width 0.12))
    (fp_line (start 38.64 -14.5) (end -38.64 -14.5) (layer F.SilkS) (width 0.12))
    (fp_line (start 38.64 -3.44) (end 38.64 -14.5) (layer F.SilkS) (width 0.12))
    (fp_line (start -38.53 14.4) (end 38.53 14.4) (layer F.Fab) (width 0.1))
    (fp_line (start -38.53 -14.4) (end -38.53 14.4) (layer F.Fab) (width 0.1))
    (fp_line (start 43.75 -6) (end 41.25 -6) (layer F.SilkS) (width 0.12))
    (fp_line (start -38.53 -14.4) (end 38.53 -14.4) (layer F.Fab) (width 0.1))
    (fp_line (start 38.53 -14.4) (end 38.53 14.4) (layer F.Fab) (width 0.1))
    (fp_line (start -39.03 14.9) (end 39.03 14.9) (layer F.CrtYd) (width 0.05))
    (fp_line (start -39.03 -14.9) (end 39.03 -14.9) (layer F.CrtYd) (width 0.05))
    (fp_line (start 39.03 -14.9) (end 39.03 -3.68) (layer F.CrtYd) (width 0.05))
    (fp_line (start -39.03 14.9) (end -39.03 3.68) (layer F.CrtYd) (width 0.05))
    (fp_line (start -39.03 -14.9) (end -39.03 -3.68) (layer F.CrtYd) (width 0.05))
    (fp_line (start 39.03 3.68) (end 43.5 3.68) (layer F.CrtYd) (width 0.05))
    (fp_line (start 43.5 -3.68) (end 39.03 -3.68) (layer F.CrtYd) (width 0.05))
    (fp_line (start -43.5 -3.68) (end -39.03 -3.68) (layer F.CrtYd) (width 0.05))
    (fp_line (start -43.5 3.68) (end -43.5 -3.68) (layer F.CrtYd) (width 0.05))
    (fp_line (start -39.03 3.68) (end -43.5 3.68) (layer F.CrtYd) (width 0.05))
    (fp_line (start -43.75 -6) (end -41.25 -6) (layer F.SilkS) (width 0.12))
    (fp_line (start -42.5 -4.75) (end -42.5 -7.25) (layer F.SilkS) (width 0.12))
    (pad 1 smd rect (at -39.33 0 90) (size 7.34 6.35) (layers F.Cu F.Paste F.Mask)
      (net 1 Batt+))
    (pad 2 smd rect (at 39.33 0 90) (size 7.34 6.35) (layers F.Cu F.Paste F.Mask)
      (net 2 "Net-(BT1-Pad2)"))
    (pad "" np_thru_hole circle (at 31.5 -9.4 90) (size 3.45 3.45) (drill 3.45) (layers *.Cu *.Mask))
    (pad "" np_thru_hole circle (at -31.5 9.4 90) (size 3.45 3.45) (drill 3.45) (layers *.Cu *.Mask))
    (model ${KISYS3DMOD}/Battery.3dshapes/BatteryHolder_Keystone_1042_1x18650.wrl
      (at (xyz 0 0 0))
      (scale (xyz 1 1 1))
      (rotate (xyz 0 0 0))
    )
  )

  (module Capacitor_SMD:C_0805_2012Metric_Pad1.15x1.40mm_HandSolder (layer F.Cu) (tedit 5B36C52B) (tstamp 629BA6DD)
    (at 54.6592 102.1827 90)
    (descr "Capacitor SMD 0805 (2012 Metric), square (rectangular) end terminal, IPC_7351 nominal with elongated pad for handsoldering. (Body size source: https://docs.google.com/spreadsheets/d/1BsfQQcO9C6DZCsRaXUlFlo91Tg2WpOkGARC1WS5S8t0/edit?usp=sharing), generated with kicad-footprint-generator")
    (tags "capacitor handsolder")
    (path /62A33730)
    (attr smd)
    (fp_text reference C1 (at 0 -1.65 90) (layer F.SilkS)
      (effects (font (size 1 1) (thickness 0.15)))
    )
    (fp_text value 10uF (at 0 1.65 90) (layer F.Fab)
      (effects (font (size 1 1) (thickness 0.15)))
    )
    (fp_line (start -1 0.6) (end -1 -0.6) (layer F.Fab) (width 0.1))
    (fp_line (start -1 -0.6) (end 1 -0.6) (layer F.Fab) (width 0.1))
    (fp_line (start 1 -0.6) (end 1 0.6) (layer F.Fab) (width 0.1))
    (fp_line (start 1 0.6) (end -1 0.6) (layer F.Fab) (width 0.1))
    (fp_line (start -0.261252 -0.71) (end 0.261252 -0.71) (layer F.SilkS) (width 0.12))
    (fp_line (start -0.261252 0.71) (end 0.261252 0.71) (layer F.SilkS) (width 0.12))
    (fp_line (start -1.85 0.95) (end -1.85 -0.95) (layer F.CrtYd) (width 0.05))
    (fp_line (start -1.85 -0.95) (end 1.85 -0.95) (layer F.CrtYd) (width 0.05))
    (fp_line (start 1.85 -0.95) (end 1.85 0.95) (layer F.CrtYd) (width 0.05))
    (fp_line (start 1.85 0.95) (end -1.85 0.95) (layer F.CrtYd) (width 0.05))
    (fp_text user %R (at 0 0 90) (layer F.Fab)
      (effects (font (size 0.5 0.5) (thickness 0.08)))
    )
    (pad 1 smd roundrect (at -1.025 0 90) (size 1.15 1.4) (layers F.Cu F.Paste F.Mask) (roundrect_rratio 0.217391)
      (net 3 VBUS))
    (pad 2 smd roundrect (at 1.025 0 90) (size 1.15 1.4) (layers F.Cu F.Paste F.Mask) (roundrect_rratio 0.217391)
      (net 4 Batt-))
    (model ${KISYS3DMOD}/Capacitor_SMD.3dshapes/C_0805_2012Metric.wrl
      (at (xyz 0 0 0))
      (scale (xyz 1 1 1))
      (rotate (xyz 0 0 0))
    )
  )

  (module Capacitor_SMD:C_0805_2012Metric_Pad1.15x1.40mm_HandSolder (layer F.Cu) (tedit 5B36C52B) (tstamp 629B886F)
    (at 61.7622 105.3995 180)
    (descr "Capacitor SMD 0805 (2012 Metric), square (rectangular) end terminal, IPC_7351 nominal with elongated pad for handsoldering. (Body size source: https://docs.google.com/spreadsheets/d/1BsfQQcO9C6DZCsRaXUlFlo91Tg2WpOkGARC1WS5S8t0/edit?usp=sharing), generated with kicad-footprint-generator")
    (tags "capacitor handsolder")
    (path /62A8535D)
    (attr smd)
    (fp_text reference C2 (at 0 -1.65) (layer F.SilkS)
      (effects (font (size 1 1) (thickness 0.15)))
    )
    (fp_text value 10uF (at 0 1.65) (layer F.Fab)
      (effects (font (size 1 1) (thickness 0.15)))
    )
    (fp_text user %R (at 0 0) (layer F.Fab)
      (effects (font (size 0.5 0.5) (thickness 0.08)))
    )
    (fp_line (start 1.85 0.95) (end -1.85 0.95) (layer F.CrtYd) (width 0.05))
    (fp_line (start 1.85 -0.95) (end 1.85 0.95) (layer F.CrtYd) (width 0.05))
    (fp_line (start -1.85 -0.95) (end 1.85 -0.95) (layer F.CrtYd) (width 0.05))
    (fp_line (start -1.85 0.95) (end -1.85 -0.95) (layer F.CrtYd) (width 0.05))
    (fp_line (start -0.261252 0.71) (end 0.261252 0.71) (layer F.SilkS) (width 0.12))
    (fp_line (start -0.261252 -0.71) (end 0.261252 -0.71) (layer F.SilkS) (width 0.12))
    (fp_line (start 1 0.6) (end -1 0.6) (layer F.Fab) (width 0.1))
    (fp_line (start 1 -0.6) (end 1 0.6) (layer F.Fab) (width 0.1))
    (fp_line (start -1 -0.6) (end 1 -0.6) (layer F.Fab) (width 0.1))
    (fp_line (start -1 0.6) (end -1 -0.6) (layer F.Fab) (width 0.1))
    (pad 2 smd roundrect (at 1.025 0 180) (size 1.15 1.4) (layers F.Cu F.Paste F.Mask) (roundrect_rratio 0.217391)
      (net 4 Batt-))
    (pad 1 smd roundrect (at -1.025 0 180) (size 1.15 1.4) (layers F.Cu F.Paste F.Mask) (roundrect_rratio 0.217391)
      (net 1 Batt+))
    (model ${KISYS3DMOD}/Capacitor_SMD.3dshapes/C_0805_2012Metric.wrl
      (at (xyz 0 0 0))
      (scale (xyz 1 1 1))
      (rotate (xyz 0 0 0))
    )
  )

  (module Capacitor_SMD:C_0805_2012Metric_Pad1.15x1.40mm_HandSolder (layer F.Cu) (tedit 5B36C52B) (tstamp 629DEC4F)
    (at 66.0892 85.9177 90)
    (descr "Capacitor SMD 0805 (2012 Metric), square (rectangular) end terminal, IPC_7351 nominal with elongated pad for handsoldering. (Body size source: https://docs.google.com/spreadsheets/d/1BsfQQcO9C6DZCsRaXUlFlo91Tg2WpOkGARC1WS5S8t0/edit?usp=sharing), generated with kicad-footprint-generator")
    (tags "capacitor handsolder")
    (path /62950518)
    (attr smd)
    (fp_text reference C3 (at 0 -1.65 90) (layer F.SilkS)
      (effects (font (size 1 1) (thickness 0.15)))
    )
    (fp_text value 0.1uF (at 0 1.65 90) (layer F.Fab)
      (effects (font (size 1 1) (thickness 0.15)))
    )
    (fp_text user %R (at 0 0 90) (layer F.Fab)
      (effects (font (size 0.5 0.5) (thickness 0.08)))
    )
    (fp_line (start 1.85 0.95) (end -1.85 0.95) (layer F.CrtYd) (width 0.05))
    (fp_line (start 1.85 -0.95) (end 1.85 0.95) (layer F.CrtYd) (width 0.05))
    (fp_line (start -1.85 -0.95) (end 1.85 -0.95) (layer F.CrtYd) (width 0.05))
    (fp_line (start -1.85 0.95) (end -1.85 -0.95) (layer F.CrtYd) (width 0.05))
    (fp_line (start -0.261252 0.71) (end 0.261252 0.71) (layer F.SilkS) (width 0.12))
    (fp_line (start -0.261252 -0.71) (end 0.261252 -0.71) (layer F.SilkS) (width 0.12))
    (fp_line (start 1 0.6) (end -1 0.6) (layer F.Fab) (width 0.1))
    (fp_line (start 1 -0.6) (end 1 0.6) (layer F.Fab) (width 0.1))
    (fp_line (start -1 -0.6) (end 1 -0.6) (layer F.Fab) (width 0.1))
    (fp_line (start -1 0.6) (end -1 -0.6) (layer F.Fab) (width 0.1))
    (pad 2 smd roundrect (at 1.025 0 90) (size 1.15 1.4) (layers F.Cu F.Paste F.Mask) (roundrect_rratio 0.217391)
      (net 2 "Net-(BT1-Pad2)"))
    (pad 1 smd roundrect (at -1.025 0 90) (size 1.15 1.4) (layers F.Cu F.Paste F.Mask) (roundrect_rratio 0.217391)
      (net 5 "Net-(C3-Pad1)"))
    (model ${KISYS3DMOD}/Capacitor_SMD.3dshapes/C_0805_2012Metric.wrl
      (at (xyz 0 0 0))
      (scale (xyz 1 1 1))
      (rotate (xyz 0 0 0))
    )
  )

  (module Capacitor_SMD:C_0805_2012Metric_Pad1.15x1.40mm_HandSolder (layer F.Cu) (tedit 5B36C52B) (tstamp 629E26FC)
    (at 67.6179 150.5386 90)
    (descr "Capacitor SMD 0805 (2012 Metric), square (rectangular) end terminal, IPC_7351 nominal with elongated pad for handsoldering. (Body size source: https://docs.google.com/spreadsheets/d/1BsfQQcO9C6DZCsRaXUlFlo91Tg2WpOkGARC1WS5S8t0/edit?usp=sharing), generated with kicad-footprint-generator")
    (tags "capacitor handsolder")
    (path /628F4C00)
    (attr smd)
    (fp_text reference C5 (at 0.0386 -1.6179 270) (layer F.SilkS)
      (effects (font (size 1 1) (thickness 0.15)))
    )
    (fp_text value 0.1uF (at 0 1.65 90) (layer F.Fab)
      (effects (font (size 1 1) (thickness 0.15)))
    )
    (fp_line (start -1 0.6) (end -1 -0.6) (layer F.Fab) (width 0.1))
    (fp_line (start -1 -0.6) (end 1 -0.6) (layer F.Fab) (width 0.1))
    (fp_line (start 1 -0.6) (end 1 0.6) (layer F.Fab) (width 0.1))
    (fp_line (start 1 0.6) (end -1 0.6) (layer F.Fab) (width 0.1))
    (fp_line (start -0.261252 -0.71) (end 0.261252 -0.71) (layer F.SilkS) (width 0.12))
    (fp_line (start -0.261252 0.71) (end 0.261252 0.71) (layer F.SilkS) (width 0.12))
    (fp_line (start -1.85 0.95) (end -1.85 -0.95) (layer F.CrtYd) (width 0.05))
    (fp_line (start -1.85 -0.95) (end 1.85 -0.95) (layer F.CrtYd) (width 0.05))
    (fp_line (start 1.85 -0.95) (end 1.85 0.95) (layer F.CrtYd) (width 0.05))
    (fp_line (start 1.85 0.95) (end -1.85 0.95) (layer F.CrtYd) (width 0.05))
    (fp_text user %R (at 0 0 90) (layer F.Fab)
      (effects (font (size 0.5 0.5) (thickness 0.08)))
    )
    (pad 1 smd roundrect (at -1.025 0 90) (size 1.15 1.4) (layers F.Cu F.Paste F.Mask) (roundrect_rratio 0.217391)
      (net 3 VBUS))
    (pad 2 smd roundrect (at 1.025 0 90) (size 1.15 1.4) (layers F.Cu F.Paste F.Mask) (roundrect_rratio 0.217391)
      (net 4 Batt-))
    (model ${KISYS3DMOD}/Capacitor_SMD.3dshapes/C_0805_2012Metric.wrl
      (at (xyz 0 0 0))
      (scale (xyz 1 1 1))
      (rotate (xyz 0 0 0))
    )
  )

  (module Capacitor_SMD:C_0805_2012Metric_Pad1.15x1.40mm_HandSolder (layer F.Cu) (tedit 5B36C52B) (tstamp 629E2915)
    (at 63.6318 150.5095 90)
    (descr "Capacitor SMD 0805 (2012 Metric), square (rectangular) end terminal, IPC_7351 nominal with elongated pad for handsoldering. (Body size source: https://docs.google.com/spreadsheets/d/1BsfQQcO9C6DZCsRaXUlFlo91Tg2WpOkGARC1WS5S8t0/edit?usp=sharing), generated with kicad-footprint-generator")
    (tags "capacitor handsolder")
    (path /629D3AB6)
    (attr smd)
    (fp_text reference C7 (at 0.0635 -1.7145 270) (layer F.SilkS)
      (effects (font (size 1 1) (thickness 0.15)))
    )
    (fp_text value 0.1uF (at 0 1.65 90) (layer F.Fab)
      (effects (font (size 1 1) (thickness 0.15)))
    )
    (fp_line (start -1 0.6) (end -1 -0.6) (layer F.Fab) (width 0.1))
    (fp_line (start -1 -0.6) (end 1 -0.6) (layer F.Fab) (width 0.1))
    (fp_line (start 1 -0.6) (end 1 0.6) (layer F.Fab) (width 0.1))
    (fp_line (start 1 0.6) (end -1 0.6) (layer F.Fab) (width 0.1))
    (fp_line (start -0.261252 -0.71) (end 0.261252 -0.71) (layer F.SilkS) (width 0.12))
    (fp_line (start -0.261252 0.71) (end 0.261252 0.71) (layer F.SilkS) (width 0.12))
    (fp_line (start -1.85 0.95) (end -1.85 -0.95) (layer F.CrtYd) (width 0.05))
    (fp_line (start -1.85 -0.95) (end 1.85 -0.95) (layer F.CrtYd) (width 0.05))
    (fp_line (start 1.85 -0.95) (end 1.85 0.95) (layer F.CrtYd) (width 0.05))
    (fp_line (start 1.85 0.95) (end -1.85 0.95) (layer F.CrtYd) (width 0.05))
    (fp_text user %R (at 0 0 90) (layer F.Fab)
      (effects (font (size 0.5 0.5) (thickness 0.08)))
    )
    (pad 1 smd roundrect (at -1.025 0 90) (size 1.15 1.4) (layers F.Cu F.Paste F.Mask) (roundrect_rratio 0.217391)
      (net 6 "Net-(C6-Pad1)"))
    (pad 2 smd roundrect (at 1.025 0 90) (size 1.15 1.4) (layers F.Cu F.Paste F.Mask) (roundrect_rratio 0.217391)
      (net 4 Batt-))
    (model ${KISYS3DMOD}/Capacitor_SMD.3dshapes/C_0805_2012Metric.wrl
      (at (xyz 0 0 0))
      (scale (xyz 1 1 1))
      (rotate (xyz 0 0 0))
    )
  )

  (module Capacitor_SMD:C_0805_2012Metric_Pad1.15x1.40mm_HandSolder (layer F.Cu) (tedit 5B36C52B) (tstamp 629E2564)
    (at 88.4106 137.9345)
    (descr "Capacitor SMD 0805 (2012 Metric), square (rectangular) end terminal, IPC_7351 nominal with elongated pad for handsoldering. (Body size source: https://docs.google.com/spreadsheets/d/1BsfQQcO9C6DZCsRaXUlFlo91Tg2WpOkGARC1WS5S8t0/edit?usp=sharing), generated with kicad-footprint-generator")
    (tags "capacitor handsolder")
    (path /62859AE9)
    (attr smd)
    (fp_text reference C8 (at 0 -1.65) (layer F.SilkS)
      (effects (font (size 1 1) (thickness 0.15)))
    )
    (fp_text value 0.1uF (at 0 1.65) (layer F.Fab)
      (effects (font (size 1 1) (thickness 0.15)))
    )
    (fp_text user %R (at 0 0) (layer F.Fab)
      (effects (font (size 0.5 0.5) (thickness 0.08)))
    )
    (fp_line (start 1.85 0.95) (end -1.85 0.95) (layer F.CrtYd) (width 0.05))
    (fp_line (start 1.85 -0.95) (end 1.85 0.95) (layer F.CrtYd) (width 0.05))
    (fp_line (start -1.85 -0.95) (end 1.85 -0.95) (layer F.CrtYd) (width 0.05))
    (fp_line (start -1.85 0.95) (end -1.85 -0.95) (layer F.CrtYd) (width 0.05))
    (fp_line (start -0.261252 0.71) (end 0.261252 0.71) (layer F.SilkS) (width 0.12))
    (fp_line (start -0.261252 -0.71) (end 0.261252 -0.71) (layer F.SilkS) (width 0.12))
    (fp_line (start 1 0.6) (end -1 0.6) (layer F.Fab) (width 0.1))
    (fp_line (start 1 -0.6) (end 1 0.6) (layer F.Fab) (width 0.1))
    (fp_line (start -1 -0.6) (end 1 -0.6) (layer F.Fab) (width 0.1))
    (fp_line (start -1 0.6) (end -1 -0.6) (layer F.Fab) (width 0.1))
    (pad 2 smd roundrect (at 1.025 0) (size 1.15 1.4) (layers F.Cu F.Paste F.Mask) (roundrect_rratio 0.217391)
      (net 4 Batt-))
    (pad 1 smd roundrect (at -1.025 0) (size 1.15 1.4) (layers F.Cu F.Paste F.Mask) (roundrect_rratio 0.217391)
      (net 7 +3V3))
    (model ${KISYS3DMOD}/Capacitor_SMD.3dshapes/C_0805_2012Metric.wrl
      (at (xyz 0 0 0))
      (scale (xyz 1 1 1))
      (rotate (xyz 0 0 0))
    )
  )

  (module Capacitor_SMD:C_0805_2012Metric_Pad1.15x1.40mm_HandSolder (layer F.Cu) (tedit 5B36C52B) (tstamp 629E2630)
    (at 88.3942 134.3658)
    (descr "Capacitor SMD 0805 (2012 Metric), square (rectangular) end terminal, IPC_7351 nominal with elongated pad for handsoldering. (Body size source: https://docs.google.com/spreadsheets/d/1BsfQQcO9C6DZCsRaXUlFlo91Tg2WpOkGARC1WS5S8t0/edit?usp=sharing), generated with kicad-footprint-generator")
    (tags "capacitor handsolder")
    (path /6285A425)
    (attr smd)
    (fp_text reference C9 (at 0 -1.65) (layer F.SilkS)
      (effects (font (size 1 1) (thickness 0.15)))
    )
    (fp_text value 10uF (at 0 1.65) (layer F.Fab)
      (effects (font (size 1 1) (thickness 0.15)))
    )
    (fp_line (start -1 0.6) (end -1 -0.6) (layer F.Fab) (width 0.1))
    (fp_line (start -1 -0.6) (end 1 -0.6) (layer F.Fab) (width 0.1))
    (fp_line (start 1 -0.6) (end 1 0.6) (layer F.Fab) (width 0.1))
    (fp_line (start 1 0.6) (end -1 0.6) (layer F.Fab) (width 0.1))
    (fp_line (start -0.261252 -0.71) (end 0.261252 -0.71) (layer F.SilkS) (width 0.12))
    (fp_line (start -0.261252 0.71) (end 0.261252 0.71) (layer F.SilkS) (width 0.12))
    (fp_line (start -1.85 0.95) (end -1.85 -0.95) (layer F.CrtYd) (width 0.05))
    (fp_line (start -1.85 -0.95) (end 1.85 -0.95) (layer F.CrtYd) (width 0.05))
    (fp_line (start 1.85 -0.95) (end 1.85 0.95) (layer F.CrtYd) (width 0.05))
    (fp_line (start 1.85 0.95) (end -1.85 0.95) (layer F.CrtYd) (width 0.05))
    (fp_text user %R (at 0 0) (layer F.Fab)
      (effects (font (size 0.5 0.5) (thickness 0.08)))
    )
    (pad 1 smd roundrect (at -1.025 0) (size 1.15 1.4) (layers F.Cu F.Paste F.Mask) (roundrect_rratio 0.217391)
      (net 7 +3V3))
    (pad 2 smd roundrect (at 1.025 0) (size 1.15 1.4) (layers F.Cu F.Paste F.Mask) (roundrect_rratio 0.217391)
      (net 4 Batt-))
    (model ${KISYS3DMOD}/Capacitor_SMD.3dshapes/C_0805_2012Metric.wrl
      (at (xyz 0 0 0))
      (scale (xyz 1 1 1))
      (rotate (xyz 0 0 0))
    )
  )

  (module Capacitor_SMD:C_0805_2012Metric_Pad1.15x1.40mm_HandSolder (layer F.Cu) (tedit 5B36C52B) (tstamp 629E28E5)
    (at 72.57 135.9062 90)
    (descr "Capacitor SMD 0805 (2012 Metric), square (rectangular) end terminal, IPC_7351 nominal with elongated pad for handsoldering. (Body size source: https://docs.google.com/spreadsheets/d/1BsfQQcO9C6DZCsRaXUlFlo91Tg2WpOkGARC1WS5S8t0/edit?usp=sharing), generated with kicad-footprint-generator")
    (tags "capacitor handsolder")
    (path /62867358)
    (attr smd)
    (fp_text reference C10 (at 0 -1.65 90) (layer F.SilkS)
      (effects (font (size 1 1) (thickness 0.15)))
    )
    (fp_text value 1uF (at 0 1.65 90) (layer F.Fab)
      (effects (font (size 1 1) (thickness 0.15)))
    )
    (fp_line (start -1 0.6) (end -1 -0.6) (layer F.Fab) (width 0.1))
    (fp_line (start -1 -0.6) (end 1 -0.6) (layer F.Fab) (width 0.1))
    (fp_line (start 1 -0.6) (end 1 0.6) (layer F.Fab) (width 0.1))
    (fp_line (start 1 0.6) (end -1 0.6) (layer F.Fab) (width 0.1))
    (fp_line (start -0.261252 -0.71) (end 0.261252 -0.71) (layer F.SilkS) (width 0.12))
    (fp_line (start -0.261252 0.71) (end 0.261252 0.71) (layer F.SilkS) (width 0.12))
    (fp_line (start -1.85 0.95) (end -1.85 -0.95) (layer F.CrtYd) (width 0.05))
    (fp_line (start -1.85 -0.95) (end 1.85 -0.95) (layer F.CrtYd) (width 0.05))
    (fp_line (start 1.85 -0.95) (end 1.85 0.95) (layer F.CrtYd) (width 0.05))
    (fp_line (start 1.85 0.95) (end -1.85 0.95) (layer F.CrtYd) (width 0.05))
    (fp_text user %R (at 0 0 90) (layer F.Fab)
      (effects (font (size 0.5 0.5) (thickness 0.08)))
    )
    (pad 1 smd roundrect (at -1.025 0 90) (size 1.15 1.4) (layers F.Cu F.Paste F.Mask) (roundrect_rratio 0.217391)
      (net 8 EN))
    (pad 2 smd roundrect (at 1.025 0 90) (size 1.15 1.4) (layers F.Cu F.Paste F.Mask) (roundrect_rratio 0.217391)
      (net 4 Batt-))
    (model ${KISYS3DMOD}/Capacitor_SMD.3dshapes/C_0805_2012Metric.wrl
      (at (xyz 0 0 0))
      (scale (xyz 1 1 1))
      (rotate (xyz 0 0 0))
    )
  )

  (module Capacitor_SMD:C_0805_2012Metric_Pad1.15x1.40mm_HandSolder (layer F.Cu) (tedit 5B36C52B) (tstamp 629E2534)
    (at 76.1133 135.9242 90)
    (descr "Capacitor SMD 0805 (2012 Metric), square (rectangular) end terminal, IPC_7351 nominal with elongated pad for handsoldering. (Body size source: https://docs.google.com/spreadsheets/d/1BsfQQcO9C6DZCsRaXUlFlo91Tg2WpOkGARC1WS5S8t0/edit?usp=sharing), generated with kicad-footprint-generator")
    (tags "capacitor handsolder")
    (path /62918705)
    (attr smd)
    (fp_text reference C11 (at 0 -1.65 90) (layer F.SilkS)
      (effects (font (size 1 1) (thickness 0.15)))
    )
    (fp_text value 0.1uF (at 0 1.65 90) (layer F.Fab)
      (effects (font (size 1 1) (thickness 0.15)))
    )
    (fp_text user %R (at 0 0 90) (layer F.Fab)
      (effects (font (size 0.5 0.5) (thickness 0.08)))
    )
    (fp_line (start 1.85 0.95) (end -1.85 0.95) (layer F.CrtYd) (width 0.05))
    (fp_line (start 1.85 -0.95) (end 1.85 0.95) (layer F.CrtYd) (width 0.05))
    (fp_line (start -1.85 -0.95) (end 1.85 -0.95) (layer F.CrtYd) (width 0.05))
    (fp_line (start -1.85 0.95) (end -1.85 -0.95) (layer F.CrtYd) (width 0.05))
    (fp_line (start -0.261252 0.71) (end 0.261252 0.71) (layer F.SilkS) (width 0.12))
    (fp_line (start -0.261252 -0.71) (end 0.261252 -0.71) (layer F.SilkS) (width 0.12))
    (fp_line (start 1 0.6) (end -1 0.6) (layer F.Fab) (width 0.1))
    (fp_line (start 1 -0.6) (end 1 0.6) (layer F.Fab) (width 0.1))
    (fp_line (start -1 -0.6) (end 1 -0.6) (layer F.Fab) (width 0.1))
    (fp_line (start -1 0.6) (end -1 -0.6) (layer F.Fab) (width 0.1))
    (pad 2 smd roundrect (at 1.025 0 90) (size 1.15 1.4) (layers F.Cu F.Paste F.Mask) (roundrect_rratio 0.217391)
      (net 4 Batt-))
    (pad 1 smd roundrect (at -1.025 0 90) (size 1.15 1.4) (layers F.Cu F.Paste F.Mask) (roundrect_rratio 0.217391)
      (net 8 EN))
    (model ${KISYS3DMOD}/Capacitor_SMD.3dshapes/C_0805_2012Metric.wrl
      (at (xyz 0 0 0))
      (scale (xyz 1 1 1))
      (rotate (xyz 0 0 0))
    )
  )

  (module Capacitor_SMD:C_0805_2012Metric_Pad1.15x1.40mm_HandSolder (layer F.Cu) (tedit 5B36C52B) (tstamp 629E2504)
    (at 93 127.975 270)
    (descr "Capacitor SMD 0805 (2012 Metric), square (rectangular) end terminal, IPC_7351 nominal with elongated pad for handsoldering. (Body size source: https://docs.google.com/spreadsheets/d/1BsfQQcO9C6DZCsRaXUlFlo91Tg2WpOkGARC1WS5S8t0/edit?usp=sharing), generated with kicad-footprint-generator")
    (tags "capacitor handsolder")
    (path /629D6754)
    (attr smd)
    (fp_text reference C12 (at 3.525 0 90) (layer F.SilkS)
      (effects (font (size 1 1) (thickness 0.15)))
    )
    (fp_text value 1uF (at 0 1.65 90) (layer F.Fab)
      (effects (font (size 1 1) (thickness 0.15)))
    )
    (fp_text user %R (at 0 0 90) (layer F.Fab)
      (effects (font (size 0.5 0.5) (thickness 0.08)))
    )
    (fp_line (start 1.85 0.95) (end -1.85 0.95) (layer F.CrtYd) (width 0.05))
    (fp_line (start 1.85 -0.95) (end 1.85 0.95) (layer F.CrtYd) (width 0.05))
    (fp_line (start -1.85 -0.95) (end 1.85 -0.95) (layer F.CrtYd) (width 0.05))
    (fp_line (start -1.85 0.95) (end -1.85 -0.95) (layer F.CrtYd) (width 0.05))
    (fp_line (start -0.261252 0.71) (end 0.261252 0.71) (layer F.SilkS) (width 0.12))
    (fp_line (start -0.261252 -0.71) (end 0.261252 -0.71) (layer F.SilkS) (width 0.12))
    (fp_line (start 1 0.6) (end -1 0.6) (layer F.Fab) (width 0.1))
    (fp_line (start 1 -0.6) (end 1 0.6) (layer F.Fab) (width 0.1))
    (fp_line (start -1 -0.6) (end 1 -0.6) (layer F.Fab) (width 0.1))
    (fp_line (start -1 0.6) (end -1 -0.6) (layer F.Fab) (width 0.1))
    (pad 2 smd roundrect (at 1.025 0 270) (size 1.15 1.4) (layers F.Cu F.Paste F.Mask) (roundrect_rratio 0.217391)
      (net 4 Batt-))
    (pad 1 smd roundrect (at -1.025 0 270) (size 1.15 1.4) (layers F.Cu F.Paste F.Mask) (roundrect_rratio 0.217391)
      (net 9 "Net-(C12-Pad1)"))
    (model ${KISYS3DMOD}/Capacitor_SMD.3dshapes/C_0805_2012Metric.wrl
      (at (xyz 0 0 0))
      (scale (xyz 1 1 1))
      (rotate (xyz 0 0 0))
    )
  )

  (module Capacitor_SMD:C_0805_2012Metric_Pad1.15x1.40mm_HandSolder (layer F.Cu) (tedit 5B36C52B) (tstamp 629E24D4)
    (at 59.5 155.1 90)
    (descr "Capacitor SMD 0805 (2012 Metric), square (rectangular) end terminal, IPC_7351 nominal with elongated pad for handsoldering. (Body size source: https://docs.google.com/spreadsheets/d/1BsfQQcO9C6DZCsRaXUlFlo91Tg2WpOkGARC1WS5S8t0/edit?usp=sharing), generated with kicad-footprint-generator")
    (tags "capacitor handsolder")
    (path /62A4FB78)
    (attr smd)
    (fp_text reference C13 (at 0 -1.65 90) (layer F.SilkS)
      (effects (font (size 1 1) (thickness 0.15)))
    )
    (fp_text value 0.1uF (at 0 1.65 90) (layer F.Fab)
      (effects (font (size 1 1) (thickness 0.15)))
